W0,W1,W2,W3,W4,W5,W6,W7,W8,W9,W10,W11,J
[0.10544604],[0.30039249],[0.77333979],[0.62397341],[0.91412455],[0.39577341],[0.66834364],[0.75293719],[0.91183591],[0.713665],[0.27369007],[0.91100739],[[4355.13005988]]
[0.76148601],[0.95643246],[1.42937976],[1.28001338],[1.57016452],[1.05181338],[1.32438361],[1.40897715],[1.56787588],[1.36970497],[0.92973004],[1.56704736],[[17230.82960339]]
[2.06808554],[2.26303199],[2.7359793],[2.58661292],[2.87676405],[2.35841291],[2.63098314],[2.71557669],[2.87447541],[2.6763045],[2.23632957],[2.87364689],[[68304.28431431]]
[4.67036959],[4.86531604],[5.33826335],[5.18889697],[5.4790481],[4.96069696],[5.23326719],[5.31786074],[5.47675946],[5.27858855],[4.83861362],[5.47593094],[[270895.04587205]]
[9.85319884],[10.04814529],[10.52109259],[10.37172621],[10.66187735],[10.1435262],[10.41609644],[10.50068998],[10.65958871],[10.4614178],[10.02144287],[10.65876019],[[1074502.65183585]]
[20.17556122],[20.37050766],[20.84345497],[20.69408859],[20.98423973],[20.46588858],[20.73845882],[20.82305236],[20.98195109],[20.78378018],[20.34380525],[20.98112257],[[4262136.57648961]]
[40.73405544],[40.92900189],[41.4019492],[41.25258282],[41.54273395],[41.02438281],[41.29695304],[41.38154659],[41.54044531],[41.3422744],[40.90229947],[41.53961679],[[16906379.81435313]]
[81.67930317],[81.87424962],[82.34719693],[82.19783055],[82.48798168],[81.96963054],[82.24220077],[82.32679432],[82.48569304],[82.28752213],[81.8475472],[82.48486452],[[67061727.27183237]]
[163.22775187],[163.42269832],[163.89564563],[163.74627925],[164.03643039],[163.51807924],[163.79064947],[163.87524302],[164.03414174],[163.83597083],[163.3959959],[164.03331322],[[2.66010674e+08]]
[325.64341313],[325.83835958],[326.31130689],[326.16194051],[326.45209165],[325.9337405],[326.20631073],[326.29090428],[326.44980301],[326.25163209],[325.81165716],[326.44897449],[[1.05517246e+09]]
[649.11795426],[649.31290071],[649.78584801],[649.63648163],[649.92663277],[649.40828163],[649.68085186],[649.7654454],[649.92434413],[649.72617322],[649.28619829],[649.92351561],[[4.1855048e+09]]
[1293.36480794],[1293.55975438],[1294.03270169],[1293.88333531],[1294.17348645],[1293.6551353],[1293.92770553],[1294.01229908],[1294.17119781],[1293.9730269],[1293.53305197],[1294.17036929],[[1.66024524e+10]]
[2576.47663191],[2576.67157836],[2577.14452567],[2576.99515929],[2577.28531043],[2576.76695928],[2577.03952951],[2577.12412306],[2577.28302178],[2577.08485087],[2576.64487594],[2577.28219326],[[6.58561967e+10]]
[5131.98147207],[5132.17641852],[5132.64936583],[5132.49999945],[5132.79015059],[5132.27179944],[5132.54436967],[5132.62896322],[5132.78786195],[5132.58969103],[5132.1497161],[5132.78703343],[[2.61228795e+11]]
[10221.64307916],[10221.83802561],[10222.31097291],[10222.16160653],[10222.45175767],[10221.93340653],[10222.20597676],[10222.2905703],[10222.44946903],[10222.25129812],[10221.81132319],[10222.44864051],[[1.03620444e+12]]
[20358.44848352],[20358.64342997],[20359.11637727],[20358.96701089],[20359.25716203],[20358.73881089],[20359.01138112],[20359.09597466],[20359.25487339],[20359.05670248],[20358.61672755],[20359.25404487],[[4.11026526e+12]]
[40547.37885618],[40547.57380263],[40548.04674994],[40547.89738356],[40548.1875347],[40547.66918355],[40547.94175378],[40548.02634733],[40548.18524605],[40547.98707514],[40547.54710021],[40548.18441753],[[1.63040032e+13]]
[80756.58612942],[80756.78107587],[80757.25402317],[80757.10465679],[80757.39480793],[80756.87645679],[80757.14902702],[80757.23362057],[80757.39251929],[80757.19434838],[80756.75437345],[80757.39169077],[[6.46723518e+13]]
[160839.10262228],[160839.29756873],[160839.77051603],[160839.62114965],[160839.91130079],[160839.39294965],[160839.66551988],[160839.75011342],[160839.90901215],[160839.71084124],[160839.27086631],[160839.90818363],[[2.56532891e+14]]
[320335.14551237],[320335.34045882],[320335.81340612],[320335.66403974],[320335.95419088],[320335.43583973],[320335.70840997],[320335.79300351],[320335.95190224],[320335.75373133],[320335.3137564],[320335.95107372],[[1.01757741e+15]]
[637994.83968377],[637995.03463022],[637995.50757752],[637995.35821114],[637995.64836228],[637995.13001114],[637995.40258137],[637995.48717491],[637995.64607364],[637995.44790273],[637995.0079278],[637995.64524512],[[4.03637826e+15]]
[1270660.57528829],[1270660.77023474],[1270661.24318205],[1270661.09381567],[1270661.3839668],[1270660.86561566],[1270661.13818589],[1270661.22277944],[1270661.38167816],[1270661.18350725],[1270660.74353232],[1270661.38084964],[[1.6010919e+16]]
[2530706.90899797],[2530707.10394441],[2530707.57689172],[2530707.42752534],[2530707.71767648],[2530707.19932533],[2530707.47189557],[2530707.55648911],[2530707.71538784],[2530707.51721693],[2530707.077242],[2530707.71455932],[[6.35097879e+16]]
[5040273.452187],[5040273.64713345],[5040274.12008076],[5040273.97071438],[5040274.26086552],[5040273.74251437],[5040274.0150846],[5040274.09967815],[5040274.25857688],[5040274.06040596],[5040273.62043103],[5040274.25774836],[[2.51921401e+17]]
[10038442.22281642],[10038442.41776286],[10038442.89071017],[10038442.74134379],[10038443.03149493],[10038442.51314378],[10038442.78571401],[10038442.87030756],[10038443.02920629],[10038442.83103537],[10038442.39106044],[10038443.02837777],[[9.99285223e+17]]
[19993026.26343307],[19993026.45837951],[19993026.93132682],[19993026.78196044],[19993027.07211158],[19993026.55376044],[19993026.82633067],[19993026.91092421],[19993027.06982294],[19993026.87165203],[19993026.4316771],[19993027.06899442],[[3.96381947e+18]]
[39819036.14209132],[39819036.33703776],[39819036.80998507],[39819036.66061869],[39819036.95076983],[39819036.43241868],[39819036.70498891],[39819036.78958246],[39819036.94848119],[39819036.75031027],[39819036.31033534],[39819036.94765267],[[1.57231033e+19]]
[79305434.17789564],[79305434.37284207],[79305434.84578937],[79305434.696423],[79305434.98657414],[79305434.46822299],[79305434.74079323],[79305434.82538676],[79305434.9842855],[79305434.78611457],[79305434.34613964],[79305434.98345697],[[6.23681224e+19]]
[1.5794837e+08],[1.57948371e+08],[1.57948371e+08],[1.57948371e+08],[1.57948371e+08],[1.57948371e+08],[1.57948371e+08],[1.57948371e+08],[1.57948371e+08],[1.57948371e+08],[1.57948371e+08],[1.57948371e+08],[[2.47392809e+20]]
[3.14577279e+08],[3.14577279e+08],[3.14577279e+08],[3.14577279e+08],[3.14577279e+08],[3.14577279e+08],[3.14577279e+08],[3.14577279e+08],[3.14577279e+08],[3.14577279e+08],[3.14577279e+08],[3.14577279e+08],[[9.8132186e+20]]
[6.26526655e+08],[6.26526655e+08],[6.26526655e+08],[6.26526655e+08],[6.26526656e+08],[6.26526655e+08],[6.26526655e+08],[6.26526655e+08],[6.26526656e+08],[6.26526655e+08],[6.26526655e+08],[6.26526656e+08],[[3.89256501e+21]]
[1.24781946e+09],[1.24781946e+09],[1.24781946e+09],[1.24781946e+09],[1.24781946e+09],[1.24781946e+09],[1.24781946e+09],[1.24781946e+09],[1.24781946e+09],[1.24781946e+09],[1.24781946e+09],[1.24781946e+09],[[1.54404615e+22]]
[2.48521493e+09],[2.48521493e+09],[2.48521493e+09],[2.48521493e+09],[2.48521493e+09],[2.48521493e+09],[2.48521493e+09],[2.48521493e+09],[2.48521493e+09],[2.48521493e+09],[2.48521493e+09],[2.48521493e+09],[[6.12469798e+22]]
[4.94966897e+09],[4.94966897e+09],[4.94966897e+09],[4.94966897e+09],[4.94966897e+09],[4.94966897e+09],[4.94966897e+09],[4.94966897e+09],[4.94966897e+09],[4.94966897e+09],[4.94966897e+09],[4.94966897e+09],[[2.42945623e+23]]
[9.8579896e+09],[9.8579896e+09],[9.8579896e+09],[9.8579896e+09],[9.8579896e+09],[9.8579896e+09],[9.8579896e+09],[9.8579896e+09],[9.8579896e+09],[9.8579896e+09],[9.8579896e+09],[9.8579896e+09],[[9.6368141e+23]]
[1.96336279e+10],[1.96336279e+10],[1.96336279e+10],[1.96336279e+10],[1.96336279e+10],[1.96336279e+10],[1.96336279e+10],[1.96336279e+10],[1.96336279e+10],[1.96336279e+10],[1.96336279e+10],[1.96336279e+10],[[3.82259144e+24]]
[3.91032412e+10],[3.91032412e+10],[3.91032412e+10],[3.91032412e+10],[3.91032413e+10],[3.91032412e+10],[3.91032412e+10],[3.91032412e+10],[3.91032413e+10],[3.91032412e+10],[3.91032412e+10],[3.91032413e+10],[[1.51629005e+25]]
[7.78798234e+10],[7.78798234e+10],[7.78798234e+10],[7.78798234e+10],[7.78798234e+10],[7.78798234e+10],[7.78798234e+10],[7.78798234e+10],[7.78798234e+10],[7.78798234e+10],[7.78798234e+10],[7.78798234e+10],[[6.01459911e+25]]
[1.55109058e+11],[1.55109058e+11],[1.55109058e+11],[1.55109058e+11],[1.55109058e+11],[1.55109058e+11],[1.55109058e+11],[1.55109058e+11],[1.55109058e+11],[1.55109058e+11],[1.55109058e+11],[1.55109058e+11],[[2.38578381e+26]]
[3.08922371e+11],[3.08922371e+11],[3.08922371e+11],[3.08922371e+11],[3.08922371e+11],[3.08922371e+11],[3.08922371e+11],[3.08922371e+11],[3.08922371e+11],[3.08922371e+11],[3.08922371e+11],[3.08922371e+11],[[9.46358068e+26]]
[6.15264079e+11],[6.15264079e+11],[6.15264079e+11],[6.15264079e+11],[6.15264079e+11],[6.15264079e+11],[6.15264079e+11],[6.15264079e+11],[6.15264079e+11],[6.15264079e+11],[6.15264079e+11],[6.15264079e+11],[[3.75387572e+27]]
[1.22538839e+12],[1.22538839e+12],[1.22538839e+12],[1.22538839e+12],[1.22538839e+12],[1.22538839e+12],[1.22538839e+12],[1.22538839e+12],[1.22538839e+12],[1.22538839e+12],[1.22538839e+12],[1.22538839e+12],[[1.4890329e+28]]
[2.44054018e+12],[2.44054018e+12],[2.44054018e+12],[2.44054018e+12],[2.44054018e+12],[2.44054018e+12],[2.44054018e+12],[2.44054018e+12],[2.44054018e+12],[2.44054018e+12],[2.44054018e+12],[2.44054018e+12],[[5.9064794e+28]]
[4.86069267e+12],[4.86069267e+12],[4.86069267e+12],[4.86069267e+12],[4.86069267e+12],[4.86069267e+12],[4.86069267e+12],[4.86069267e+12],[4.86069267e+12],[4.86069267e+12],[4.86069267e+12],[4.86069267e+12],[[2.34289646e+29]]
[9.68078029e+12],[9.68078029e+12],[9.68078029e+12],[9.68078029e+12],[9.68078029e+12],[9.68078029e+12],[9.68078029e+12],[9.68078029e+12],[9.68078029e+12],[9.68078029e+12],[9.68078029e+12],[9.68078029e+12],[[9.29346135e+29]]
[1.92806897e+13],[1.92806897e+13],[1.92806897e+13],[1.92806897e+13],[1.92806897e+13],[1.92806897e+13],[1.92806897e+13],[1.92806897e+13],[1.92806897e+13],[1.92806897e+13],[1.92806897e+13],[1.92806897e+13],[[3.68639526e+30]]
[3.84003131e+13],[3.84003131e+13],[3.84003131e+13],[3.84003131e+13],[3.84003131e+13],[3.84003131e+13],[3.84003131e+13],[3.84003131e+13],[3.84003131e+13],[3.84003131e+13],[3.84003131e+13],[3.84003131e+13],[[1.46226572e+31]]
[7.64798392e+13],[7.64798392e+13],[7.64798392e+13],[7.64798392e+13],[7.64798392e+13],[7.64798392e+13],[7.64798392e+13],[7.64798392e+13],[7.64798392e+13],[7.64798392e+13],[7.64798392e+13],[7.64798392e+13],[[5.80030328e+31]]
[1.52320784e+14],[1.52320784e+14],[1.52320784e+14],[1.52320784e+14],[1.52320784e+14],[1.52320784e+14],[1.52320784e+14],[1.52320784e+14],[1.52320784e+14],[1.52320784e+14],[1.52320784e+14],[1.52320784e+14],[[2.30078005e+32]]
[3.03369117e+14],[3.03369117e+14],[3.03369117e+14],[3.03369117e+14],[3.03369117e+14],[3.03369117e+14],[3.03369117e+14],[3.03369117e+14],[3.03369117e+14],[3.03369117e+14],[3.03369117e+14],[3.03369117e+14],[[9.12640012e+32]]
[6.04203962e+14],[6.04203962e+14],[6.04203962e+14],[6.04203962e+14],[6.04203962e+14],[6.04203962e+14],[6.04203962e+14],[6.04203962e+14],[6.04203962e+14],[6.04203962e+14],[6.04203962e+14],[6.04203962e+14],[[3.62012784e+33]]
[1.20336055e+15],[1.20336055e+15],[1.20336055e+15],[1.20336055e+15],[1.20336055e+15],[1.20336055e+15],[1.20336055e+15],[1.20336055e+15],[1.20336055e+15],[1.20336055e+15],[1.20336055e+15],[1.20336055e+15],[[1.43597973e+34]]
[2.39666851e+15],[2.39666851e+15],[2.39666851e+15],[2.39666851e+15],[2.39666851e+15],[2.39666851e+15],[2.39666851e+15],[2.39666851e+15],[2.39666851e+15],[2.39666851e+15],[2.39666851e+15],[2.39666851e+15],[[5.6960358e+34]]
[4.77331583e+15],[4.77331583e+15],[4.77331583e+15],[4.77331583e+15],[4.77331583e+15],[4.77331583e+15],[4.77331583e+15],[4.77331583e+15],[4.77331583e+15],[4.77331583e+15],[4.77331583e+15],[4.77331583e+15],[[2.25942074e+35]]
[9.50675653e+15],[9.50675653e+15],[9.50675653e+15],[9.50675653e+15],[9.50675653e+15],[9.50675653e+15],[9.50675653e+15],[9.50675653e+15],[9.50675653e+15],[9.50675653e+15],[9.50675653e+15],[9.50675653e+15],[[8.96234201e+35]]
[1.89340959e+16],[1.89340959e+16],[1.89340959e+16],[1.89340959e+16],[1.89340959e+16],[1.89340959e+16],[1.89340959e+16],[1.89340959e+16],[1.89340959e+16],[1.89340959e+16],[1.89340959e+16],[1.89340959e+16],[[3.55505165e+36]]
[3.77100209e+16],[3.77100209e+16],[3.77100209e+16],[3.77100209e+16],[3.77100209e+16],[3.77100209e+16],[3.77100209e+16],[3.77100209e+16],[3.77100209e+16],[3.77100209e+16],[3.77100209e+16],[3.77100209e+16],[[1.41016625e+37]]
[7.51050214e+16],[7.51050214e+16],[7.51050214e+16],[7.51050214e+16],[7.51050214e+16],[7.51050214e+16],[7.51050214e+16],[7.51050214e+16],[7.51050214e+16],[7.51050214e+16],[7.51050214e+16],[7.51050214e+16],[[5.59364265e+37]]
[1.49582633e+17],[1.49582633e+17],[1.49582633e+17],[1.49582633e+17],[1.49582633e+17],[1.49582633e+17],[1.49582633e+17],[1.49582633e+17],[1.49582633e+17],[1.49582633e+17],[1.49582633e+17],[1.49582633e+17],[[2.21880492e+38]]
[2.9791569e+17],[2.9791569e+17],[2.9791569e+17],[2.9791569e+17],[2.9791569e+17],[2.9791569e+17],[2.9791569e+17],[2.9791569e+17],[2.9791569e+17],[2.9791569e+17],[2.9791569e+17],[2.9791569e+17],[[8.80123305e+38]]
[5.93342663e+17],[5.93342663e+17],[5.93342663e+17],[5.93342663e+17],[5.93342663e+17],[5.93342663e+17],[5.93342663e+17],[5.93342663e+17],[5.93342663e+17],[5.93342663e+17],[5.93342663e+17],[5.93342663e+17],[[3.49114529e+39]]
[1.18172868e+18],[1.18172868e+18],[1.18172868e+18],[1.18172868e+18],[1.18172868e+18],[1.18172868e+18],[1.18172868e+18],[1.18172868e+18],[1.18172868e+18],[1.18172868e+18],[1.18172868e+18],[1.18172868e+18],[[1.3848168e+40]]
[2.35358549e+18],[2.35358549e+18],[2.35358549e+18],[2.35358549e+18],[2.35358549e+18],[2.35358549e+18],[2.35358549e+18],[2.35358549e+18],[2.35358549e+18],[2.35358549e+18],[2.35358549e+18],[2.35358549e+18],[[5.49309014e+40]]
[4.68750969e+18],[4.68750969e+18],[4.68750969e+18],[4.68750969e+18],[4.68750969e+18],[4.68750969e+18],[4.68750969e+18],[4.68750969e+18],[4.68750969e+18],[4.68750969e+18],[4.68750969e+18],[4.68750969e+18],[[2.17891921e+41]]
[9.33586106e+18],[9.33586106e+18],[9.33586106e+18],[9.33586106e+18],[9.33586106e+18],[9.33586106e+18],[9.33586106e+18],[9.33586106e+18],[9.33586106e+18],[9.33586106e+18],[9.33586106e+18],[9.33586106e+18],[[8.64302022e+41]]
[1.85937326e+19],[1.85937326e+19],[1.85937326e+19],[1.85937326e+19],[1.85937326e+19],[1.85937326e+19],[1.85937326e+19],[1.85937326e+19],[1.85937326e+19],[1.85937326e+19],[1.85937326e+19],[1.85937326e+19],[[3.42838772e+42]]
[3.70321376e+19],[3.70321376e+19],[3.70321376e+19],[3.70321376e+19],[3.70321376e+19],[3.70321376e+19],[3.70321376e+19],[3.70321376e+19],[3.70321376e+19],[3.70321376e+19],[3.70321376e+19],[3.70321376e+19],[[1.35992304e+43]]
[7.37549176e+19],[7.37549176e+19],[7.37549176e+19],[7.37549176e+19],[7.37549176e+19],[7.37549176e+19],[7.37549176e+19],[7.37549176e+19],[7.37549176e+19],[7.37549176e+19],[7.37549176e+19],[7.37549176e+19],[[5.39434519e+43]]
[1.46893704e+20],[1.46893704e+20],[1.46893704e+20],[1.46893704e+20],[1.46893704e+20],[1.46893704e+20],[1.46893704e+20],[1.46893704e+20],[1.46893704e+20],[1.46893704e+20],[1.46893704e+20],[1.46893704e+20],[[2.13975049e+44]]
[2.92560294e+20],[2.92560294e+20],[2.92560294e+20],[2.92560294e+20],[2.92560294e+20],[2.92560294e+20],[2.92560294e+20],[2.92560294e+20],[2.92560294e+20],[2.92560294e+20],[2.92560294e+20],[2.92560294e+20],[[8.48765146e+44]]
[5.8267661e+20],[5.8267661e+20],[5.8267661e+20],[5.8267661e+20],[5.8267661e+20],[5.8267661e+20],[5.8267661e+20],[5.8267661e+20],[5.8267661e+20],[5.8267661e+20],[5.8267661e+20],[5.8267661e+20],[[3.36675829e+45]]
[1.16048568e+21],[1.16048568e+21],[1.16048568e+21],[1.16048568e+21],[1.16048568e+21],[1.16048568e+21],[1.16048568e+21],[1.16048568e+21],[1.16048568e+21],[1.16048568e+21],[1.16048568e+21],[1.16048568e+21],[[1.33547678e+46]]
[2.31127694e+21],[2.31127694e+21],[2.31127694e+21],[2.31127694e+21],[2.31127694e+21],[2.31127694e+21],[2.31127694e+21],[2.31127694e+21],[2.31127694e+21],[2.31127694e+21],[2.31127694e+21],[2.31127694e+21],[[5.2973753e+46]]
[4.60324603e+21],[4.60324603e+21],[4.60324603e+21],[4.60324603e+21],[4.60324603e+21],[4.60324603e+21],[4.60324603e+21],[4.60324603e+21],[4.60324603e+21],[4.60324603e+21],[4.60324603e+21],[4.60324603e+21],[[2.10128589e+47]]
[9.16803764e+21],[9.16803764e+21],[9.16803764e+21],[9.16803764e+21],[9.16803764e+21],[9.16803764e+21],[9.16803764e+21],[9.16803764e+21],[9.16803764e+21],[9.16803764e+21],[9.16803764e+21],[9.16803764e+21],[[8.33507563e+47]]
[1.82594877e+22],[1.82594877e+22],[1.82594877e+22],[1.82594877e+22],[1.82594877e+22],[1.82594877e+22],[1.82594877e+22],[1.82594877e+22],[1.82594877e+22],[1.82594877e+22],[1.82594877e+22],[1.82594877e+22],[[3.30623673e+48]]
[3.636644e+22],[3.636644e+22],[3.636644e+22],[3.636644e+22],[3.636644e+22],[3.636644e+22],[3.636644e+22],[3.636644e+22],[3.636644e+22],[3.636644e+22],[3.636644e+22],[3.636644e+22],[[1.31146996e+49]]
[7.24290836e+22],[7.24290836e+22],[7.24290836e+22],[7.24290836e+22],[7.24290836e+22],[7.24290836e+22],[7.24290836e+22],[7.24290836e+22],[7.24290836e+22],[7.24290836e+22],[7.24290836e+22],[7.24290836e+22],[[5.20214855e+49]]
[1.44253112e+23],[1.44253112e+23],[1.44253112e+23],[1.44253112e+23],[1.44253112e+23],[1.44253112e+23],[1.44253112e+23],[1.44253112e+23],[1.44253112e+23],[1.44253112e+23],[1.44253112e+23],[1.44253112e+23],[[2.06351273e+50]]
[2.87301168e+23],[2.87301168e+23],[2.87301168e+23],[2.87301168e+23],[2.87301168e+23],[2.87301168e+23],[2.87301168e+23],[2.87301168e+23],[2.87301168e+23],[2.87301168e+23],[2.87301168e+23],[2.87301168e+23],[[8.18524255e+50]]
[5.72202291e+23],[5.72202291e+23],[5.72202291e+23],[5.72202291e+23],[5.72202291e+23],[5.72202291e+23],[5.72202291e+23],[5.72202291e+23],[5.72202291e+23],[5.72202291e+23],[5.72202291e+23],[5.72202291e+23],[[3.24680312e+51]]
[1.13962454e+24],[1.13962454e+24],[1.13962454e+24],[1.13962454e+24],[1.13962454e+24],[1.13962454e+24],[1.13962454e+24],[1.13962454e+24],[1.13962454e+24],[1.13962454e+24],[1.13962454e+24],[1.13962454e+24],[[1.2878947e+52]]
[2.26972893e+24],[2.26972893e+24],[2.26972893e+24],[2.26972893e+24],[2.26972893e+24],[2.26972893e+24],[2.26972893e+24],[2.26972893e+24],[2.26972893e+24],[2.26972893e+24],[2.26972893e+24],[2.26972893e+24],[[5.10863363e+52]]
[4.5204971e+24],[4.5204971e+24],[4.5204971e+24],[4.5204971e+24],[4.5204971e+24],[4.5204971e+24],[4.5204971e+24],[4.5204971e+24],[4.5204971e+24],[4.5204971e+24],[4.5204971e+24],[4.5204971e+24],[[2.02641858e+53]]
[9.00323105e+24],[9.00323105e+24],[9.00323105e+24],[9.00323105e+24],[9.00323105e+24],[9.00323105e+24],[9.00323105e+24],[9.00323105e+24],[9.00323105e+24],[9.00323105e+24],[9.00323105e+24],[9.00323105e+24],[[8.03810289e+53]]
[1.79312513e+25],[1.79312513e+25],[1.79312513e+25],[1.79312513e+25],[1.79312513e+25],[1.79312513e+25],[1.79312513e+25],[1.79312513e+25],[1.79312513e+25],[1.79312513e+25],[1.79312513e+25],[1.79312513e+25],[[3.1884379e+54]]
[3.57127092e+25],[3.57127092e+25],[3.57127092e+25],[3.57127092e+25],[3.57127092e+25],[3.57127092e+25],[3.57127092e+25],[3.57127092e+25],[3.57127092e+25],[3.57127092e+25],[3.57127092e+25],[3.57127092e+25],[[1.26474323e+55]]
[7.1127083e+25],[7.1127083e+25],[7.1127083e+25],[7.1127083e+25],[7.1127083e+25],[7.1127083e+25],[7.1127083e+25],[7.1127083e+25],[7.1127083e+25],[7.1127083e+25],[7.1127083e+25],[7.1127083e+25],[[5.01679975e+55]]
[1.41659987e+26],[1.41659987e+26],[1.41659987e+26],[1.41659987e+26],[1.41659987e+26],[1.41659987e+26],[1.41659987e+26],[1.41659987e+26],[1.41659987e+26],[1.41659987e+26],[1.41659987e+26],[1.41659987e+26],[[1.98999125e+56]]
[2.82136581e+26],[2.82136581e+26],[2.82136581e+26],[2.82136581e+26],[2.82136581e+26],[2.82136581e+26],[2.82136581e+26],[2.82136581e+26],[2.82136581e+26],[2.82136581e+26],[2.82136581e+26],[2.82136581e+26],[[7.89360825e+56]]
[5.61916262e+26],[5.61916262e+26],[5.61916262e+26],[5.61916262e+26],[5.61916262e+26],[5.61916262e+26],[5.61916262e+26],[5.61916262e+26],[5.61916262e+26],[5.61916262e+26],[5.61916262e+26],[5.61916262e+26],[[3.13112186e+57]]
[1.11913841e+27],[1.11913841e+27],[1.11913841e+27],[1.11913841e+27],[1.11913841e+27],[1.11913841e+27],[1.11913841e+27],[1.11913841e+27],[1.11913841e+27],[1.11913841e+27],[1.11913841e+27],[1.11913841e+27],[[1.24200794e+58]]
[2.22892781e+27],[2.22892781e+27],[2.22892781e+27],[2.22892781e+27],[2.22892781e+27],[2.22892781e+27],[2.22892781e+27],[2.22892781e+27],[2.22892781e+27],[2.22892781e+27],[2.22892781e+27],[2.22892781e+27],[[4.92661669e+58]]
[4.43923568e+27],[4.43923568e+27],[4.43923568e+27],[4.43923568e+27],[4.43923568e+27],[4.43923568e+27],[4.43923568e+27],[4.43923568e+27],[4.43923568e+27],[4.43923568e+27],[4.43923568e+27],[4.43923568e+27],[[1.95421875e+59]]
[8.84138706e+27],[8.84138706e+27],[8.84138706e+27],[8.84138706e+27],[8.84138706e+27],[8.84138706e+27],[8.84138706e+27],[8.84138706e+27],[8.84138706e+27],[8.84138706e+27],[8.84138706e+27],[8.84138706e+27],[[7.75171107e+59]]
[1.76089153e+28],[1.76089153e+28],[1.76089153e+28],[1.76089153e+28],[1.76089153e+28],[1.76089153e+28],[1.76089153e+28],[1.76089153e+28],[1.76089153e+28],[1.76089153e+28],[1.76089153e+28],[1.76089153e+28],[[3.07483615e+60]]
[3.507073e+28],[3.507073e+28],[3.507073e+28],[3.507073e+28],[3.507073e+28],[3.507073e+28],[3.507073e+28],[3.507073e+28],[3.507073e+28],[3.507073e+28],[3.507073e+28],[3.507073e+28],[[1.21968134e+61]]
[6.98484875e+28],[6.98484875e+28],[6.98484875e+28],[6.98484875e+28],[6.98484875e+28],[6.98484875e+28],[6.98484875e+28],[6.98484875e+28],[6.98484875e+28],[6.98484875e+28],[6.98484875e+28],[6.98484875e+28],[[4.83805478e+61]]
[1.39113477e+29],[1.39113477e+29],[1.39113477e+29],[1.39113477e+29],[1.39113477e+29],[1.39113477e+29],[1.39113477e+29],[1.39113477e+29],[1.39113477e+29],[1.39113477e+29],[1.39113477e+29],[1.39113477e+29],[[1.9190893e+62]]
[2.77064834e+29],[2.77064834e+29],[2.77064834e+29],[2.77064834e+29],[2.77064834e+29],[2.77064834e+29],[2.77064834e+29],[2.77064834e+29],[2.77064834e+29],[2.77064834e+29],[2.77064834e+29],[2.77064834e+29],[[7.61236467e+62]]
